272509739240521729 1
493208779567923213 7
205858347293999105 7
923307690019676172 6
262802065124753409 1
171470084101898240 1
628303873445986325 3
186477898083991552 7
520080256112001064 9
164071844150771712 8
339274099752697857 4
487370981719932929 30
487829709233586188 5
194917301009645568 8
178685199964569600 2
930680276101783592 1
245672148415414274 39
686582437962317844 20
186514127030583296 1
249010954107355136 97
360197923444621333 4
196491599880912896 36
224385668342743040 3
264540101198086144 44
263490770558779394 4
267109034782490634 17
350272193499889664 139
228585554319507457 2
569675830968582160 47
368069279184060416 1
282642587599241216 6
483493083527512074 131
846494540612763679 1
112326545133047808 49
300006409376890880 16
572129297066885121 120
159985870458322944 4
142423466279305216 2
235210149424267265 2
665448788386644027 97
944747583539130381 217
131870987284250625 1
118132724857962504 5
251908376181604352 250
201071756591628289 8
330023444928528385 30
727645796962533440 3
397947578760560641 46
338443523974234112 1184
219534600135770113 2
294317664577388544 220
631948039803895839 450
626571868228288533 3
309411734081372162 641
438158459419230210 6
189208643453845504 2
216694545608343553 93
