272509739240521729 1
493208779567923213 7
640244695951212545 1
131823807873679361 1
204255221017214977 1
205858347293999105 7
923307690019676172 6
506824529516167198 1
262802065124753409 1
171470084101898240 1
170305781617393665 1
702620769284390992 1
628303873445986325 3
186477898083991552 8
138365418669604864 313
520080256112001064 9
164071844150771712 8
339274099752697857 4
487370981719932929 30
487829709233586188 5
635504787210633216 1
194917301009645568 8
380565135619522580 1
178685199964569600 2
697620876954173490 1
265969122729263106 1
930680276101783592 1
245672148415414274 39
686582437962317844 20
409198876000649216 1
186514127030583296 1
249010954107355136 101
360197923444621333 4
196491599880912896 36
224385668342743040 3
264540101198086144 50
263490770558779394 4
748566660985782403 1
267109034782490634 17
350272193499889664 138
228585554319507457 2
613551995642576927 1
569675830968582160 47
155460400547102720 1
368069279184060416 1
679009430703964210 1
282642587599241216 6
218521947108016129 1
483493083527512074 133
846494540612763679 1
112326545133047808 49
300006409376890880 16
572129297066885121 104
159985870458322944 4
142423466279305216 2
235210149424267265 2
665448788386644027 105
131870987284250625 1
118132724857962504 5
239100363951570945 1
251908376181604352 246
201071756591628289 17
143869057504903168 1
617860462175846421 1
330023444928528385 55
727645796962533440 3
397947578760560641 47
451881177209503745 1
338443523974234112 1193
535107767124623380 1
219534600135770113 2
432610292342587392 1
422907543367712778 1
294317664577388544 69
631948039803895839 456
626571868228288533 3
309411734081372162 642
438158459419230210 6
200415726182334484 1
189208643453845504 2
216694545608343553 93
